,cust_id,gender
0,3500,0.5752323912843451
1,3501,0.1497221257504792
2,3502,0.13636949202154014
3,3503,0.2980232135226944
4,3504,0.3729668123886779
5,3505,0.22440072548218146
6,3506,0.04601845046529312
7,3507,0.6102260502937431
8,3508,0.27426466462416915
9,3509,0.08359705871065799
10,3510,0.10865798566962169
11,3511,0.29982603450825956
12,3512,0.31380298800392953
13,3513,0.07448429908490538
14,3514,0.46348352239654916
15,3515,0.11467726747969165
16,3516,0.10576266032438475
17,3517,0.16640627703513453
18,3518,0.26007252284443605
19,3519,0.46187677878883404
20,3520,0.635017333839737
21,3521,0.36585742216697065
22,3522,0.40286590649020193
23,3523,0.062327486655349526
24,3524,0.15407668735148836
25,3525,0.4726465644123835
26,3526,0.2426294984971611
27,3527,0.7325220027350213
28,3528,0.45814104740195505
29,3529,0.26422286135502043
30,3530,0.05554490830103985
31,3531,0.6759045377571761
32,3532,0.06583923556384201
33,3533,0.1602515741220983
34,3534,0.5441802698771675
35,3535,0.17143271826740228
36,3536,0.24829492767663294
37,3537,0.5581784420938595
38,3538,0.29758563977167024
39,3539,0.3925833497409824
40,3540,0.08640121533205938
41,3541,0.07339466903669391
42,3542,0.2173889074454159
43,3543,0.5891730870646531
44,3544,0.3041690790698127
45,3545,0.3142052508837346
46,3546,0.2681234108758143
47,3547,0.07067767088305198
48,3548,0.5979857719816973
49,3549,0.15612229997561616
50,3550,0.2682737987154357
51,3551,0.3735996339292483
52,3552,0.19064607711282963
53,3553,0.16135938879795703
54,3554,0.17760607201202144
55,3555,0.10413100261476292
56,3556,0.49124949637816506
57,3557,0.20955395833888799
58,3558,0.18966656397724843
59,3559,0.27728202401703844
60,3560,0.42171115793327657
61,3561,0.406660488514386
62,3562,0.15830284985338502
63,3563,0.17549395484320066
64,3564,0.6103467813169473
65,3565,0.3851162957351754
66,3566,0.031749407825093154
67,3567,0.31481160616063875
68,3568,0.4142067529052665
69,3569,0.2551775378896064
70,3570,0.153729475609195
71,3571,0.3410369479673287
72,3572,0.5965027323648727
73,3573,0.445569039303797
74,3574,0.32309550677732657
75,3575,0.5472193318353363
76,3576,0.551263182114363
77,3577,0.20871903858618504
78,3578,0.14492144622233777
79,3579,0.13490592366897633
80,3580,0.5393339317581496
81,3581,0.4497631223367024
82,3582,0.6192830399573017
83,3583,0.5076704802992624
84,3584,0.22658850083221257
85,3585,0.1803024703968975
86,3586,0.03593746762850851
87,3587,0.11129543164437987
88,3588,0.13815323789686834
89,3589,0.2089322449859901
90,3590,0.5114311501767095
91,3591,0.25813884703963563
92,3592,0.6211826737775827
93,3593,0.1681185774347946
94,3594,0.09995124672231862
95,3595,0.361967459344537
96,3596,0.2086686472942056
97,3597,0.04878084019556262
98,3598,0.2641892344004522
99,3599,0.5403505068540992
100,3600,0.3312303060688056
101,3601,0.23904083449729513
102,3602,0.3909773894772568
103,3603,0.04661164563461282
104,3604,0.7071492031479881
105,3605,0.21092445468951904
106,3606,0.33362140286734004
107,3607,0.2282040000238781
108,3608,0.18702747638253456
109,3609,0.16532216149914497
110,3610,0.2344288909154976
111,3611,0.45127673111046396
112,3612,0.5462140771789064
113,3613,0.11197785280484729
114,3614,0.3552059975440486
115,3615,0.0533393670877461
116,3616,0.43373042114637766
117,3617,0.5345621029560813
118,3618,0.6387615450277653
119,3619,0.04126822452889418
120,3620,0.17626794280837385
121,3621,0.4107319417624183
122,3622,0.17410091791094337
123,3623,0.5696949598781942
124,3624,0.06346857967750466
125,3625,0.368452943479876
126,3626,0.42326502250013026
127,3627,0.11294712275043126
128,3628,0.5415775629757522
129,3629,0.2342213568203668
130,3630,0.4560164762220039
131,3631,0.28611458877360685
132,3632,0.31005747372226444
133,3633,0.0502265577317639
134,3634,0.09579704112831908
135,3635,0.29782184381414134
136,3636,0.28720519103392145
137,3637,0.11010767611577123
138,3638,0.5510380463024506
139,3639,0.5423037047463365
140,3640,0.4204334373574045
141,3641,0.2521689843036785
142,3642,0.6117781545703529
143,3643,0.10742711072333722
144,3644,0.14635789779079258
145,3645,0.15442463144759305
146,3646,0.16320774197989898
147,3647,0.2302864108896792
148,3648,0.5841390725013579
149,3649,0.25409994096548144
150,3650,0.3050236072532761
151,3651,0.4439292032657352
152,3652,0.6607543303949133
153,3653,0.34317235110236144
154,3654,0.2501052175013504
155,3655,0.22659043086933833
156,3656,0.35690231728993044
157,3657,0.4122283155699159
158,3658,0.07041356458935977
159,3659,0.07753577152329899
160,3660,0.3032334511096815
161,3661,0.44037151191265317
162,3662,0.07130367444945142
163,3663,0.44688577705146776
164,3664,0.34731953681085576
165,3665,0.535524014354405
166,3666,0.47174720190054253
167,3667,0.11552522839351657
168,3668,0.10979769918129129
169,3669,0.5015707271451942
170,3670,0.03852830823779142
171,3671,0.5241238806964729
172,3672,0.04643787187866063
173,3673,0.3166864786961525
174,3674,0.28954439129352183
175,3675,0.4772488718858692
176,3676,0.14613383114400955
177,3677,0.26007054825620574
178,3678,0.23553168423957788
179,3679,0.11623226611891237
180,3680,0.0842297277065736
181,3681,0.4519309822082542
182,3682,0.5674827722426671
183,3683,0.07409112958127699
184,3684,0.35370169049559913
185,3685,0.5579411865750302
186,3686,0.2890802365728366
187,3687,0.3878909514497698
188,3688,0.09134315966960635
189,3689,0.49283481854398437
190,3690,0.37423803717528953
191,3691,0.04026849700290067
192,3692,0.5041615340105272
193,3693,0.13214880500084963
194,3694,0.3283511131226313
195,3695,0.6435733317022038
196,3696,0.45715435570755936
197,3697,0.6314450543960768
198,3698,0.14462741398679355
199,3699,0.3284523098735471
200,3700,0.12529530574291967
201,3701,0.04534339945850188
202,3702,0.14488326358610915
203,3703,0.43727781768434465
204,3704,0.6408621397368596
205,3705,0.3373765470143825
206,3706,0.13817820514733148
207,3707,0.11419297814600463
208,3708,0.1173100825834042
209,3709,0.07715810126586867
210,3710,0.10162250315173456
211,3711,0.14317213481050214
212,3712,0.45864216019337484
213,3713,0.05536963637978803
214,3714,0.17933570678331512
215,3715,0.09129855909178837
216,3716,0.12301823003363617
217,3717,0.2066702637715149
218,3718,0.04405455271570446
219,3719,0.16089013340002542
220,3720,0.2898296948996868
221,3721,0.4605562245013871
222,3722,0.05612292434253568
223,3723,0.4062093649467525
224,3724,0.32183212945604295
225,3725,0.21127197857663496
226,3726,0.3733132606906687
227,3727,0.6053799377053758
228,3728,0.22345159756510188
229,3729,0.5513772329424325
230,3730,0.3598288446578344
231,3731,0.3708354688820893
232,3732,0.3887411890876879
233,3733,0.6708362363876621
234,3734,0.040628302127513075
235,3735,0.18634663854697936
236,3736,0.22801159225602788
237,3737,0.4788749105279785
238,3738,0.13167347655182135
239,3739,0.46850109862928574
240,3740,0.4659269328244659
241,3741,0.6266527363507147
242,3742,0.17606890000082276
243,3743,0.07267948233141426
244,3744,0.19432990147919008
245,3745,0.1778274766045495
246,3746,0.26698156432859926
247,3747,0.05095001247390336
248,3748,0.07498403833321447
249,3749,0.47041554415076764
250,3750,0.19340590025759336
251,3751,0.5545752774103953
252,3752,0.11336420860934941
253,3753,0.464755393843496
254,3754,0.20200384911347982
255,3755,0.4492489226436928
256,3756,0.5292632012492201
257,3757,0.0916173420443886
258,3758,0.23651062703659487
259,3759,0.27264660313902456
260,3760,0.09083733753016023
261,3761,0.4478366377452733
262,3762,0.08326738660525704
263,3763,0.08117187570673542
264,3764,0.4820725956724879
265,3765,0.025045745058109213
266,3766,0.2756785903892896
267,3767,0.6256038442119866
268,3768,0.6753027064497409
269,3769,0.5015238847612972
270,3770,0.6068349050874244
271,3771,0.056766422493994356
272,3772,0.5292834294350836
273,3773,0.34724719527549996
274,3774,0.13775603484925883
275,3775,0.6219127989203197
276,3776,0.6119459896192964
277,3777,0.45858645689088884
278,3778,0.17047580791389014
279,3779,0.06911398241215569
280,3780,0.2667774381381117
281,3781,0.23256900970710076
282,3782,0.3273575644744963
283,3783,0.18726142106248894
284,3784,0.2130127322509798
285,3785,0.4727599047984585
286,3786,0.11002137914026293
287,3787,0.6012129886508709
288,3788,0.2635932139273916
289,3789,0.23158556487877321
290,3790,0.2231774432809921
291,3791,0.1985035963495552
292,3792,0.4245178743467049
293,3793,0.5838231902309636
294,3794,0.23268872790759437
295,3795,0.38689213577001
296,3796,0.053880531201747746
297,3797,0.3426449130442286
298,3798,0.3340731045269632
299,3799,0.2145117056273319
300,3800,0.08906008808569947
301,3801,0.0745073593964852
302,3802,0.17762250221669132
303,3803,0.25710280309204536
304,3804,0.12621079428849538
305,3805,0.24122068921871773
306,3806,0.5192558039961498
307,3807,0.038051679434999
308,3808,0.39329198084235023
309,3809,0.18554322067171247
310,3810,0.23802438590027228
311,3811,0.46476878126623966
312,3812,0.26360507753902485
313,3813,0.5095878508776536
314,3814,0.2748208210733657
315,3815,0.5062048052892495
316,3816,0.23656407796628418
317,3817,0.051991440146183794
318,3818,0.2747692742982977
319,3819,0.08340692417421061
320,3820,0.4737109430851128
321,3821,0.4249422860434823
322,3822,0.13696337112237875
323,3823,0.06282539446207464
324,3824,0.12866127193227328
325,3825,0.4521616547456006
326,3826,0.1169691156310751
327,3827,0.08809178124820459
328,3828,0.13959880884551085
329,3829,0.6301764155190985
330,3830,0.6352777051778755
331,3831,0.0809564149829012
332,3832,0.12871793173743568
333,3833,0.07883325672751747
334,3834,0.24001822300931142
335,3835,0.14072983704903855
336,3836,0.05006671173892419
337,3837,0.19934610214321444
338,3838,0.546448488890292
339,3839,0.4219163620798634
340,3840,0.664832893972112
341,3841,0.08713860444930763
342,3842,0.08174630965555918
343,3843,0.2741098887555529
344,3844,0.4040893509753116
345,3845,0.1286108269171421
346,3846,0.02598274107758791
347,3847,0.1007437463246034
348,3848,0.11730180344277044
349,3849,0.5738462006885748
350,3850,0.04970713713434788
351,3851,0.16164584160454892
352,3852,0.6619989264308116
353,3853,0.2215214745984022
354,3854,0.17366082226778748
355,3855,0.13855727137999468
356,3856,0.3823250378213388
357,3857,0.09460382383600802
358,3858,0.31155477711417606
359,3859,0.36138997517436533
360,3860,0.5296119350928729
361,3861,0.1367838653230223
362,3862,0.2698656283458947
363,3863,0.5552886681871773
364,3864,0.595095348368286
365,3865,0.6025463433104956
366,3866,0.27351124302774543
367,3867,0.3574709630965537
368,3868,0.3462397039992445
369,3869,0.66472385329088
370,3870,0.2178524031578735
371,3871,0.24679680051051014
372,3872,0.46644993495830805
373,3873,0.09402383724577607
374,3874,0.20406491902440863
375,3875,0.060051998809052994
376,3876,0.45090153563521523
377,3877,0.08133232106228065
378,3878,0.4726507800097396
379,3879,0.5376823149950654
380,3880,0.3322808026854736
381,3881,0.14495160747435154
382,3882,0.1255202755396406
383,3883,0.18014134362789613
384,3884,0.04185080777434128
385,3885,0.6322954358649491
386,3886,0.4167560324484654
387,3887,0.5118760131265545
388,3888,0.45124668982939975
389,3889,0.1594751037431927
390,3890,0.48003955009069604
391,3891,0.1590788857684526
392,3892,0.06328340993366065
393,3893,0.03615880717650682
394,3894,0.06466054405264328
395,3895,0.06247293207261571
396,3896,0.1004600968410692
397,3897,0.054988633725136966
398,3898,0.5327647321537666
399,3899,0.16420387234527306
400,3900,0.5300089149561087
401,3901,0.5852034335297824
402,3902,0.2052090469389512
403,3903,0.1078308478317761
404,3904,0.1390486571217521
405,3905,0.23216472614195785
406,3906,0.40291128130568993
407,3907,0.02520636278753448
408,3908,0.14180563577909844
409,3909,0.5059023985394773
410,3910,0.139510887405518
411,3911,0.03420948079882645
412,3912,0.39013329812807773
413,3913,0.5863413118074755
414,3914,0.2788412717011398
415,3915,0.08716709566189555
416,3916,0.2760780950277306
417,3917,0.4396285021508287
418,3918,0.5133755002731859
419,3919,0.33294856437093917
420,3920,0.6447913602506185
421,3921,0.1896738769074846
422,3922,0.17550169446947217
423,3923,0.46247699211960236
424,3924,0.35216241350326266
425,3925,0.39283167208534886
426,3926,0.25825058932319883
427,3927,0.1281680228915727
428,3928,0.27915413994652327
429,3929,0.5631027970296407
430,3930,0.6450937575190504
431,3931,0.09825743742870258
432,3932,0.4277578692455603
433,3933,0.39838598625140725
434,3934,0.11008069427014618
435,3935,0.35284967958805713
436,3936,0.03592057622361284
437,3937,0.16718751404881024
438,3938,0.48378564824841835
439,3939,0.22754660282192976
440,3940,0.3331162597512122
441,3941,0.17385419356074325
442,3942,0.05320593079782453
443,3943,0.13311891286938007
444,3944,0.05468889933746804
445,3945,0.4050274760878575
446,3946,0.1887942198349061
447,3947,0.026573204508114484
448,3948,0.389842322864358
449,3949,0.5233789028990503
450,3950,0.17682707035541545
451,3951,0.1729772586844108
452,3952,0.1913819109264651
453,3953,0.712989114772291
454,3954,0.5239450773267303
455,3955,0.5639647328896704
456,3956,0.20219518280634413
457,3957,0.10220579907436655
458,3958,0.25172784873931553
459,3959,0.30723000365074565
460,3960,0.5274638892641172
461,3961,0.6370913924695897
462,3962,0.40836706399048994
463,3963,0.0352395359190335
464,3964,0.41983330717232964
465,3965,0.4001756810709347
466,3966,0.03323010286242625
467,3967,0.1434990986834289
468,3968,0.5343738404784566
469,3969,0.2827751138187018
470,3970,0.3893714666993664
471,3971,0.07244779763924337
472,3972,0.4989107089778617
473,3973,0.6251671460038913
474,3974,0.27661386955965667
475,3975,0.5342555733656551
476,3976,0.21487082197348034
477,3977,0.18683811523076543
478,3978,0.4422918748839538
479,3979,0.6845478597445466
480,3980,0.165233618385185
481,3981,0.06520516237783422
482,3982,0.30766127618801264
483,3983,0.22439954276690438
484,3984,0.1435177082349782
485,3985,0.027576345228677517
486,3986,0.03290432186694384
487,3987,0.15420859092374495
488,3988,0.11276316614532261
489,3989,0.4664152331042529
490,3990,0.16356027933882208
491,3991,0.3057704862661206
492,3992,0.0378894634421041
493,3993,0.18110293442706152
494,3994,0.2066693626410592
495,3995,0.07168656715911353
496,3996,0.46557463622611595
497,3997,0.2111971266250948
498,3998,0.5404178156831131
499,3999,0.6498503738386351
500,4000,0.21491691309788458
501,4001,0.13668176943966728
502,4002,0.5537686195236239
503,4003,0.08442461353650445
504,4004,0.128716647413272
505,4005,0.11599531276243204
506,4006,0.47414112332139285
507,4007,0.3528834775251255
508,4008,0.37856765620797456
509,4009,0.18800512978010508
510,4010,0.1388724228562283
511,4011,0.2637235578442113
512,4012,0.3320844514637964
513,4013,0.3874002618375478
514,4014,0.08780433649237075
515,4015,0.47569712726538416
516,4016,0.1868971857678758
517,4017,0.5128033249114904
518,4018,0.3834428096775396
519,4019,0.5387858392932243
520,4020,0.05948168498801254
521,4021,0.7017389295878593
522,4022,0.5296347541409729
523,4023,0.07519289899612938
524,4024,0.3760552833413764
525,4025,0.4396468302930283
526,4026,0.644642619631563
527,4027,0.49581831745715255
528,4028,0.306202507951779
529,4029,0.049027305084886286
530,4030,0.039121842050304036
531,4031,0.09887693471331173
532,4032,0.19273571641711545
533,4033,0.27121339376514014
534,4034,0.505791403448877
535,4035,0.28206993567052235
536,4036,0.20107410627277322
537,4037,0.200390155351774
538,4038,0.09194695530728077
539,4039,0.056028300945488475
540,4040,0.6274183652777878
541,4041,0.25032942449463436
542,4042,0.07443556393149871
543,4043,0.11301056209023225
544,4044,0.24478583617912716
545,4045,0.4861425558938699
546,4046,0.3094434058806572
547,4047,0.05431713074665465
548,4048,0.47002446252510166
549,4049,0.3875738002625772
550,4050,0.026419898142990658
551,4051,0.2527129019643016
552,4052,0.09443787633562513
553,4053,0.12055985972492028
554,4054,0.3253693656749472
555,4055,0.4461449526313916
556,4056,0.5239246517722679
557,4057,0.14396083559366168
558,4058,0.31495894244273204
559,4059,0.6185641219864801
560,4060,0.219617874575581
561,4061,0.5935933111612309
562,4062,0.3032132264182043
563,4063,0.10484090601266577
564,4064,0.35990998900480736
565,4065,0.5992556870356632
566,4066,0.3895280678092469
567,4067,0.16706245142904919
568,4068,0.05984324688398155
569,4069,0.26409036762869514
570,4070,0.15241546822613203
571,4071,0.26763540400960645
572,4072,0.1867512294468677
573,4073,0.04761942662806512
574,4074,0.18206393214656683
575,4075,0.33418686923872837
576,4076,0.4837009070365782
577,4077,0.43765459933916656
578,4078,0.4651855169088359
579,4079,0.3852876225705582
580,4080,0.4199730321432684
581,4081,0.16749125740058524
582,4082,0.26501537736044123
583,4083,0.23880391517631142
584,4084,0.4343527891574906
585,4085,0.42456494449890214
586,4086,0.2786060460532441
587,4087,0.38975844078952493
588,4088,0.0874108821506811
589,4089,0.1024733055135999
590,4090,0.5165368779644082
591,4091,0.4098153158623428
592,4092,0.41032620537030945
593,4093,0.48983071663311784
594,4094,0.4040501767978161
595,4095,0.09366958955643268
596,4096,0.3287517432573998
597,4097,0.6022146818672272
598,4098,0.12708487498033288
599,4099,0.5187499436601064
600,4100,0.42940616560121675
601,4101,0.27071573945124267
602,4102,0.17531991408248304
603,4103,0.07775733709498846
604,4104,0.10391205937485046
605,4105,0.4525265486858118
606,4106,0.05444677049529017
607,4107,0.17949015905133098
608,4108,0.27027737458567336
609,4109,0.20866639838899817
610,4110,0.2626210150059458
611,4111,0.31411335815442765
612,4112,0.15307025548049186
613,4113,0.18825041545690402
614,4114,0.35444524568859404
615,4115,0.5848848890629744
616,4116,0.4299023245944771
617,4117,0.6840637483093469
618,4118,0.1616715025409422
619,4119,0.4797244583070531
620,4120,0.26877094261205675
621,4121,0.6186052095709835
622,4122,0.3547942423368843
623,4123,0.16636634415620832
624,4124,0.6893687646617892
625,4125,0.19872399256568002
626,4126,0.13881306090019016
627,4127,0.038892821187425576
628,4128,0.36474600921243716
629,4129,0.2048838605280785
630,4130,0.4888753724189715
631,4131,0.3652365410432712
632,4132,0.1311446461429049
633,4133,0.1790076627935089
634,4134,0.307611226321197
635,4135,0.18437889160822707
636,4136,0.4051294167702565
637,4137,0.09684973689723331
638,4138,0.4564920634284869
639,4139,0.21949686942898056
640,4140,0.41731225914734216
641,4141,0.07779187566894041
642,4142,0.050197407055257076
643,4143,0.07035367183326428
644,4144,0.5742327707071615
645,4145,0.6243545419997284
646,4146,0.057744515825364724
647,4147,0.48770773199654244
648,4148,0.3708991113503749
649,4149,0.4007823393747575
650,4150,0.1280847060216412
651,4151,0.3904584733601184
652,4152,0.4392716523570253
653,4153,0.5222561358460316
654,4154,0.18264275212526926
655,4155,0.11609556733531304
656,4156,0.046131644358175065
657,4157,0.10671324705303438
658,4158,0.30446276012539675
659,4159,0.08362535492945257
660,4160,0.35804314003242776
661,4161,0.3646977211421654
662,4162,0.4252659503743782
663,4163,0.16764529079536455
664,4164,0.3806913281838776
665,4165,0.23041120140234148
666,4166,0.1821936859897137
667,4167,0.47913545381388334
668,4168,0.2673813877224903
669,4169,0.19247828113011564
670,4170,0.07976389756695215
671,4171,0.49594868635351486
672,4172,0.15115493829491983
673,4173,0.49907037870512144
674,4174,0.48866044713832935
675,4175,0.06418051350673705
676,4176,0.27059257719995794
677,4177,0.04482159432620392
678,4178,0.20550977917293262
679,4179,0.04046234684640235
680,4180,0.06348714735300914
681,4181,0.054252583035455354
682,4182,0.32532745565875465
683,4183,0.0669955212539387
684,4184,0.05476538995319783
685,4185,0.022593220373258508
686,4186,0.3383473556289093
687,4187,0.040975543864700516
688,4188,0.5357284312520684
689,4189,0.30133833821794553
690,4190,0.03529032361274587
691,4191,0.24320127676796188
692,4192,0.5165244277321349
693,4193,0.41659168817540443
694,4194,0.5930442301154549
695,4195,0.49495702567249994
696,4196,0.40984015109459737
697,4197,0.2589494182240343
698,4198,0.21970574819227223
699,4199,0.07575862802445316
700,4200,0.6057587246445696
701,4201,0.5150356022169732
702,4202,0.09499367152746191
703,4203,0.4970793759682863
704,4204,0.3736214318148581
705,4205,0.06719064222342416
706,4206,0.6629502905397272
707,4207,0.2386347268609023
708,4208,0.0627691566147108
709,4209,0.27414027600486623
710,4210,0.28187523141847026
711,4211,0.4563895709570909
712,4212,0.4529918051127588
713,4213,0.18388840242878737
714,4214,0.4009998341564043
715,4215,0.17552844907686085
716,4216,0.17076684850768814
717,4217,0.12220868463244187
718,4218,0.27477646808277034
719,4219,0.4009909143522776
720,4220,0.4395054539418794
721,4221,0.5646833356319081
722,4222,0.585654657170336
723,4223,0.20030714394581017
724,4224,0.04575068706093072
725,4225,0.12533902837281413
726,4226,0.2886301572719235
727,4227,0.26058994936404545
728,4228,0.21797819503763932
729,4229,0.41154531726999194
730,4230,0.3308556007910073
731,4231,0.13839210392526977
732,4232,0.5114858354312389
733,4233,0.22199209286866586
734,4234,0.36400422507278535
735,4235,0.4157822596875248
736,4236,0.24090303715143457
737,4237,0.5288669161223339
738,4238,0.4511043850518886
739,4239,0.21769357958325627
740,4240,0.08145426765148905
741,4241,0.123607737080466
742,4242,0.29724368568108833
743,4243,0.06736554035848506
744,4244,0.14975995707715953
745,4245,0.32391353769151593
746,4246,0.47668708671098226
747,4247,0.5479315393399138
748,4248,0.14349513861365087
749,4249,0.4861170260640428
750,4250,0.042548998675759134
751,4251,0.273742064430371
752,4252,0.08387903748193846
753,4253,0.1780074932790933
754,4254,0.17717817056299828
755,4255,0.3926244842236007
756,4256,0.0430782546044355
757,4257,0.3551329043031823
758,4258,0.37059053064602826
759,4259,0.6200526636853527
760,4260,0.2468874672604387
761,4261,0.1130262387597891
762,4262,0.08467160979370784
763,4263,0.603486709320901
764,4264,0.26485043058297764
765,4265,0.06010205243092973
766,4266,0.6930351738636317
767,4267,0.4257221399278704
768,4268,0.04100479116515421
769,4269,0.26401112545980665
770,4270,0.18705000592428384
771,4271,0.43798171686170434
772,4272,0.04239155604370271
773,4273,0.5599570483535351
774,4274,0.46707216802968415
775,4275,0.2200994187092572
776,4276,0.3801848739179509
777,4277,0.4444295685544703
778,4278,0.21517692553503606
779,4279,0.589234779006324
780,4280,0.3012140898135385
781,4281,0.32997177470003436
782,4282,0.19152093156157318
783,4283,0.3459199722251748
784,4284,0.5951834773342775
785,4285,0.41041324821306163
786,4286,0.43547964772603504
787,4287,0.43937449640281573
788,4288,0.20694205034853852
789,4289,0.4666091667897056
790,4290,0.07115328455943168
791,4291,0.139319438539191
792,4292,0.41985570275816037
793,4293,0.32360196262351953
794,4294,0.038759663472505354
795,4295,0.10633041036560995
796,4296,0.3911643259544068
797,4297,0.11888581020056764
798,4298,0.16343741728992647
799,4299,0.46717040321759506
800,4300,0.08811382957465884
801,4301,0.07970444346244367
802,4302,0.05566927348621139
803,4303,0.3104883606964782
804,4304,0.4039941975653672
805,4305,0.35900309849936374
806,4306,0.31374791445048417
807,4307,0.03331770110094267
808,4308,0.08856750669132715
809,4309,0.07427780570717177
810,4310,0.08306349312978947
811,4311,0.4267904168200908
812,4312,0.18641016083939582
813,4313,0.447043922636461
814,4314,0.19470930689652846
815,4315,0.24907452903441193
816,4316,0.28126171350075685
817,4317,0.2975435580268427
818,4318,0.08920702391675109
819,4319,0.46372180716862066
820,4320,0.20870822820111473
821,4321,0.07245014482037027
822,4322,0.1510608830600075
823,4323,0.14223359727201884
824,4324,0.32997503691904445
825,4325,0.4522414954801297
826,4326,0.3498171324365838
827,4327,0.5276359291982728
828,4328,0.14819582988164795
829,4329,0.1405190726914442
830,4330,0.44651286185520983
831,4331,0.18188150948541892
832,4332,0.5577515170847803
833,4333,0.36240416834612904
834,4334,0.1617912502565461
835,4335,0.0717977639395915
836,4336,0.5081262015854461
837,4337,0.19069605849607393
838,4338,0.2598369777440597
839,4339,0.10692515304922548
840,4340,0.06508724644314356
841,4341,0.47562380118050707
842,4342,0.47899355811729105
843,4343,0.025799039362671018
844,4344,0.15530378365485883
845,4345,0.03280992931692313
846,4346,0.04827347006623118
847,4347,0.22610039564733606
848,4348,0.2866551788733005
849,4349,0.5021800549390327
850,4350,0.21474140545472423
851,4351,0.07932999715274837
852,4352,0.3410533642370416
853,4353,0.38821517362843744
854,4354,0.20496864286783215
855,4355,0.1076056009661508
856,4356,0.5082614874825157
857,4357,0.3205713134635898
858,4358,0.28484528595068304
859,4359,0.3713575924984103
860,4360,0.3066421166967428
861,4361,0.5147382114595654
862,4362,0.18090685112108854
863,4363,0.3928779647770163
864,4364,0.07607050493188938
865,4365,0.20462752539509396
866,4366,0.06743043616179246
867,4367,0.43319195135282274
868,4368,0.13974764903520714
869,4369,0.3871730667821834
870,4370,0.08022810961043887
871,4371,0.44112296252862837
872,4372,0.5646873898814162
873,4373,0.41729945620718256
874,4374,0.33554422825656993
875,4375,0.5370001525930326
876,4376,0.41895170421645467
877,4377,0.0736099854782843
878,4378,0.2527794735705106
879,4379,0.2553746737546937
880,4380,0.2670036638084561
881,4381,0.35377385832989583
882,4382,0.27093423430031305
883,4383,0.5954055737570763
884,4384,0.2726969726286686
885,4385,0.2098507970312604
886,4386,0.08626612632654067
887,4387,0.4832021587909944
888,4388,0.5337448165266206
889,4389,0.4522398239595981
890,4390,0.5723703809250734
891,4391,0.18652762623596883
892,4392,0.377864101284858
893,4393,0.08274876192893355
894,4394,0.3481285323291271
895,4395,0.5801123968378596
896,4396,0.28958942560415113
897,4397,0.1335118995416005
898,4398,0.5564640527741739
899,4399,0.038188978080072995
900,4400,0.23876413431018229
901,4401,0.1680105430820502
902,4402,0.26152560592810714
903,4403,0.0538971729201513
904,4404,0.2099904774710065
905,4405,0.4459748902932632
906,4406,0.1876887478856922
907,4407,0.40265006447383306
908,4408,0.4921327245567769
909,4409,0.2486943683032334
910,4410,0.4580854339698573
911,4411,0.388929837369127
912,4412,0.031646332496233005
913,4413,0.26311264820012
914,4414,0.29298573988806714
915,4415,0.13716220424483458
916,4416,0.4981236669970248
917,4417,0.17683741715396506
918,4418,0.21723105413540322
919,4419,0.17817959045228068
920,4420,0.45583433575577376
921,4421,0.37298434971545663
922,4422,0.43124155948734866
923,4423,0.2041434350403174
924,4424,0.49392550826031956
925,4425,0.07394246541781643
926,4426,0.526847445356367
927,4427,0.2004731350226152
928,4428,0.2596285099783122
929,4429,0.32156558763847154
930,4430,0.3409277548347226
931,4431,0.4157820083384412
932,4432,0.2665014807844952
933,4433,0.13322197696313526
934,4434,0.1316842460848784
935,4435,0.2701904469433655
936,4436,0.14201109757438776
937,4437,0.05079007899834666
938,4438,0.09882451939981818
939,4439,0.4607939837043266
940,4440,0.10957937283371545
941,4441,0.03092711668140509
942,4442,0.09059523699208308
943,4443,0.13045631344405254
944,4444,0.6065210470019397
945,4445,0.32379324446736085
946,4446,0.205437078338128
947,4447,0.26179393584947724
948,4448,0.1613657605700278
949,4449,0.07491578893440466
950,4450,0.05950209007014605
951,4451,0.32691615476495106
952,4452,0.49070101872477284
953,4453,0.14352632328513115
954,4454,0.5064112776540338
955,4455,0.31217306274434614
956,4456,0.23423112014284161
957,4457,0.05234010654409498
958,4458,0.06111154273777544
959,4459,0.07915935551456674
960,4460,0.2050054373418198
961,4461,0.24558594892856983
962,4462,0.4450782259236987
963,4463,0.38679474008081705
964,4464,0.07864080467754635
965,4465,0.44881373809262903
966,4466,0.289916418094771
967,4467,0.12829837295675964
968,4468,0.48449143999485667
969,4469,0.456090155487841
970,4470,0.0636583252521504
971,4471,0.27950078239991977
972,4472,0.5564667890897683
973,4473,0.3535899807108944
974,4474,0.08255172253580567
975,4475,0.5358762518049713
976,4476,0.1316582551820875
977,4477,0.12018261755635119
978,4478,0.5189128911707769
979,4479,0.2640061564711702
980,4480,0.15993080904020346
981,4481,0.06676884973910087
982,4482,0.19144858833482217
983,4483,0.10451831692496082
984,4484,0.449646159388539
985,4485,0.11443556010778567
986,4486,0.19841432622977198
987,4487,0.19505948784315605
988,4488,0.18032678096531296
989,4489,0.11563235881369237
990,4490,0.09700765604813345
991,4491,0.1184876963829683
992,4492,0.45719829971359316
993,4493,0.5746881593347613
994,4494,0.05958979656266991
995,4495,0.23137704154086353
996,4496,0.130561375219301
997,4497,0.6189578008511739
998,4498,0.5174147110938846
999,4499,0.5326327662822102
1000,4500,0.4677160860646325
1001,4501,0.05380079983098047
1002,4502,0.0842218029265663
1003,4503,0.27364021877734823
1004,4504,0.24100122967498397
1005,4505,0.5630925068279012
1006,4506,0.5344819470249288
1007,4507,0.054949266821088576
1008,4508,0.17659475468238364
1009,4509,0.12496088621038097
1010,4510,0.06867729384693687
1011,4511,0.20455861161954564
1012,4512,0.6075112173721834
1013,4513,0.07715991127789094
1014,4514,0.202484933532363
1015,4515,0.3070637422672281
1016,4516,0.1992721307820338
1017,4517,0.18915605470522562
1018,4518,0.6382480209713766
1019,4519,0.30583488513163815
1020,4520,0.41659744827253464
1021,4521,0.4299024670396122
1022,4522,0.060550878200250784
1023,4523,0.03338913262579519
1024,4524,0.49935598990695823
1025,4525,0.36316445643468165
1026,4526,0.22717432968355736
1027,4527,0.11781152454558323
1028,4528,0.5031412540131804
1029,4529,0.2708924919337497
1030,4530,0.5800068586294913
1031,4531,0.5251772511414551
1032,4532,0.41938303571254176
1033,4533,0.3466078111579437
1034,4534,0.4763838340091392
1035,4535,0.05144870771245356
1036,4536,0.5024353869586657
1037,4537,0.2753631487036165
1038,4538,0.29015280205200833
1039,4539,0.523191530012363
1040,4540,0.2666608086703799
1041,4541,0.1848862234101433
1042,4542,0.15760613222203604
1043,4543,0.20475076288658203
1044,4544,0.09604069851218594
1045,4545,0.2837944947045759
1046,4546,0.06724594816763971
1047,4547,0.3782645684148928
1048,4548,0.14140923252890505
1049,4549,0.35994316436373003
1050,4550,0.13887430026231215
1051,4551,0.5643295582321143
1052,4552,0.08326332995519026
1053,4553,0.6026267583245225
1054,4554,0.3897842111115527
1055,4555,0.04793172488495452
1056,4556,0.3360459563700289
1057,4557,0.2347344659258463
1058,4558,0.19766237609181037
1059,4559,0.02313457240722207
1060,4560,0.40389988249695336
1061,4561,0.12398620447167664
1062,4562,0.3778184110388964
1063,4563,0.5053107814632333
1064,4564,0.07845065831373811
1065,4565,0.5831100120187436
1066,4566,0.31119597736630417
1067,4567,0.4700470512687722
1068,4568,0.21452396414849736
1069,4569,0.5553843313675814
1070,4570,0.2798069497454915
1071,4571,0.3536678199176771
1072,4572,0.21436860696984467
1073,4573,0.18532204729747587
1074,4574,0.3447875368760824
1075,4575,0.5552324455501482
1076,4576,0.30144966391048006
1077,4577,0.5430221244510545
1078,4578,0.19815270888593653
1079,4579,0.17184576571513474
1080,4580,0.18244299831732894
1081,4581,0.2140071410424484
1082,4582,0.2734006679863923
1083,4583,0.6268890267589282
1084,4584,0.09401489908747364
1085,4585,0.39514274886555284
1086,4586,0.22352626968527076
1087,4587,0.1932862608284702
1088,4588,0.319339269297663
1089,4589,0.34142549676292033
1090,4590,0.36776035985705324
1091,4591,0.5261617951799915
1092,4592,0.20950200343945324
1093,4593,0.2846461140841296
1094,4594,0.4364001240034657
1095,4595,0.4678723479392939
1096,4596,0.35390893619725544
1097,4597,0.5847492810094828
1098,4598,0.27036252150582163
1099,4599,0.1992562332867587
1100,4600,0.3592303641791158
1101,4601,0.3292360046933544
1102,4602,0.0680343116129823
1103,4603,0.08868594804355183
1104,4604,0.43485742457651666
1105,4605,0.1769225024716312
1106,4606,0.2448491793635517
1107,4607,0.058991572074070006
1108,4608,0.11928301607363899
1109,4609,0.5982967687337818
1110,4610,0.32717077656949417
1111,4611,0.5004619198785594
1112,4612,0.2328900254962925
1113,4613,0.24016313560935074
1114,4614,0.0913813148741423
1115,4615,0.3068747331636085
1116,4616,0.04781770553789006
1117,4617,0.11238763702142332
1118,4618,0.12721924035229282
1119,4619,0.6318543121912192
1120,4620,0.3726708733311298
1121,4621,0.44087990401424587
1122,4622,0.6075052997061419
1123,4623,0.31433305303612896
1124,4624,0.12002912441864236
1125,4625,0.25391259624219037
1126,4626,0.3849614484356548
1127,4627,0.47316530859598604
1128,4628,0.28997606269846926
1129,4629,0.48294867333096647
1130,4630,0.059938884069601094
1131,4631,0.2567837767163157
1132,4632,0.10439157715873673
1133,4633,0.0919446373752381
1134,4634,0.05686345669521663
1135,4635,0.14370021081873938
1136,4636,0.4774103054682889
1137,4637,0.6357585898509451
1138,4638,0.1383358704292885
1139,4639,0.17684114057293046
1140,4640,0.10516371220876651
1141,4641,0.3164998139415574
1142,4642,0.06519062779864665
1143,4643,0.07829221709054214
1144,4644,0.36404026907384024
1145,4645,0.4289949398686886
1146,4646,0.2105011933003383
1147,4647,0.4195509640801615
1148,4648,0.3918316142358695
1149,4649,0.40144299767202973
1150,4650,0.14031008456587785
1151,4651,0.05739799540657717
1152,4652,0.2323140616485007
1153,4653,0.20241160667290628
1154,4654,0.5246804095448253
1155,4655,0.5668865710152069
1156,4656,0.21798567137677347
1157,4657,0.1292204352038697
1158,4658,0.40888684422519667
1159,4659,0.389959130942762
1160,4660,0.17206739494016046
1161,4661,0.5382766990119814
1162,4662,0.12327890259227735
1163,4663,0.24700156503756082
1164,4664,0.05918056261195802
1165,4665,0.510929961261475
1166,4666,0.05305073683678926
1167,4667,0.06871210194965006
1168,4668,0.24913169959546366
1169,4669,0.33731012358100293
1170,4670,0.1270797744600518
1171,4671,0.43533817153811166
1172,4672,0.05235614314685892
1173,4673,0.40368021290651224
1174,4674,0.18914258455554714
1175,4675,0.29895706816568457
1176,4676,0.22864294878798777
1177,4677,0.4756724794944049
1178,4678,0.09837065653854944
1179,4679,0.25230600044837326
1180,4680,0.17515558038776702
1181,4681,0.2185335900790389
1182,4682,0.06055703582692151
1183,4683,0.10988600435653192
1184,4684,0.48608166056913304
1185,4685,0.06557734427177551
1186,4686,0.23281965887158784
1187,4687,0.25804738216578055
1188,4688,0.18637447346876107
1189,4689,0.02879136614852465
1190,4690,0.03194062964729967
1191,4691,0.3402149466938604
1192,4692,0.46410826916551234
1193,4693,0.045153866429353026
1194,4694,0.16568177613368607
1195,4695,0.21428206482686082
1196,4696,0.35761086796389874
1197,4697,0.38327252512228027
1198,4698,0.37395675836820286
1199,4699,0.19085269129285948
1200,4700,0.2793455290156149
1201,4701,0.2513307408603998
1202,4702,0.05857093969851589
1203,4703,0.16595310331027208
1204,4704,0.48720790203808884
1205,4705,0.45465188414878294
1206,4706,0.4169453431182108
1207,4707,0.42617381026819795
1208,4708,0.059678817702365085
1209,4709,0.41287407163495937
1210,4710,0.49151386651139795
1211,4711,0.4179544960484248
1212,4712,0.5498449034169999
1213,4713,0.3508173694913309
1214,4714,0.5922841904517404
1215,4715,0.3471277075252625
1216,4716,0.1217092898250702
1217,4717,0.11148890335284964
1218,4718,0.2623855027955946
1219,4719,0.43590308240640885
1220,4720,0.281469014122947
1221,4721,0.25254080187007005
1222,4722,0.13980069170183926
1223,4723,0.0891608075019463
1224,4724,0.2705319584595428
1225,4725,0.17597425339797446
1226,4726,0.3544432772877301
1227,4727,0.03067589234021413
1228,4728,0.05357554447060119
1229,4729,0.3553318589858525
1230,4730,0.34410475438382143
1231,4731,0.39944082486942967
1232,4732,0.5165615276146192
1233,4733,0.1122295848944169
1234,4734,0.2440360527235748
1235,4735,0.395074433033472
1236,4736,0.14991120111591105
1237,4737,0.3261302247494813
1238,4738,0.44108845439018074
1239,4739,0.25336647172518895
1240,4740,0.17052524574525763
1241,4741,0.1542895151130144
1242,4742,0.12425734271820128
1243,4743,0.5271720005144283
1244,4744,0.12152954078819928
1245,4745,0.4165944187480176
1246,4746,0.3089262259433705
1247,4747,0.08651450706250186
1248,4748,0.5952070313833695
1249,4749,0.0341830713382291
1250,4750,0.4260425188611578
1251,4751,0.04142657470841107
1252,4752,0.46619609885778673
1253,4753,0.4159325736066857
1254,4754,0.3186925570578858
1255,4755,0.6250067235109156
1256,4756,0.14325270791607117
1257,4757,0.05248435562984574
1258,4758,0.5966410152416846
1259,4759,0.32755578188753975
1260,4760,0.2410054518224758
1261,4761,0.42783144638222437
1262,4762,0.34673783130103275
1263,4763,0.04074158336845277
1264,4764,0.325856329570195
1265,4765,0.07191108347061373
1266,4766,0.5087729977131421
1267,4767,0.4325491547432696
1268,4768,0.3277539715935457
1269,4769,0.18995918075990412
1270,4770,0.17902052897722795
1271,4771,0.5276873612356784
1272,4772,0.19325194689665587
1273,4773,0.19590396392980097
1274,4774,0.25080530193254813
1275,4775,0.35862083941050266
1276,4776,0.03256893798850601
1277,4777,0.5086617647797569
1278,4778,0.304125065060218
1279,4779,0.10094493578575284
1280,4780,0.40167317356771315
1281,4781,0.3601242149793244
1282,4782,0.07272773440918992
1283,4783,0.3411990115311508
1284,4784,0.017675348394641358
1285,4785,0.089804155494537
1286,4786,0.24384024228791693
1287,4787,0.333299230199296
1288,4788,0.21153393380051058
1289,4789,0.4246274968074616
1290,4790,0.45995520203541246
1291,4791,0.4644583644293455
1292,4792,0.41575264566823655
1293,4793,0.30980740606623214
1294,4794,0.304684751521169
1295,4795,0.028276228549720037
1296,4796,0.13490392003264862
1297,4797,0.4096054437302894
1298,4798,0.22964506698801898
1299,4799,0.09952527743317606
1300,4800,0.36598861347024736
1301,4801,0.3182461769872692
1302,4802,0.12936964374787094
1303,4803,0.05175208039412799
1304,4804,0.21096341612550237
1305,4805,0.4268298924257549
1306,4806,0.07155918019379787
1307,4807,0.5725888042425269
1308,4808,0.19943628757511533
1309,4809,0.2413656573994498
1310,4810,0.4612228830374725
1311,4811,0.07209485729166393
1312,4812,0.12944312464146113
1313,4813,0.28275408681922437
1314,4814,0.1892912965468932
1315,4815,0.4406788020858842
1316,4816,0.13032461888845956
1317,4817,0.43994678169412366
1318,4818,0.31852719885304726
1319,4819,0.2586789784710414
1320,4820,0.3133357451088019
1321,4821,0.2829756532674629
1322,4822,0.060057360585622485
1323,4823,0.18415993575918463
1324,4824,0.3555067139373962
1325,4825,0.03884748301774639
1326,4826,0.04472237930183553
1327,4827,0.030445673746570208
1328,4828,0.06406828849086274
1329,4829,0.5130810740970608
1330,4830,0.2536981973730481
1331,4831,0.04181984853199435
1332,4832,0.038078976184826384
1333,4833,0.2810559738610728
1334,4834,0.3069923906320613
1335,4835,0.3344506657179273
1336,4836,0.5839043279912248
1337,4837,0.24582316249482677
1338,4838,0.5725201416300011
1339,4839,0.18827080734484145
1340,4840,0.19599177723972686
1341,4841,0.43680840592526743
1342,4842,0.4719193254313857
1343,4843,0.47231266715621806
1344,4844,0.5354850421324896
1345,4845,0.39716526695314797
1346,4846,0.24047119232108208
1347,4847,0.5377257140120073
1348,4848,0.394207295000913
1349,4849,0.6209747173621691
1350,4850,0.3693035499210468
1351,4851,0.13388878881754346
1352,4852,0.27985366042271115
1353,4853,0.3510187252739157
1354,4854,0.5463424550556623
1355,4855,0.22490710212817666
1356,4856,0.1873327850390422
1357,4857,0.1993577888815295
1358,4858,0.4080564615503542
1359,4859,0.31448614374804773
1360,4860,0.47004097469972583
1361,4861,0.46776388540569397
1362,4862,0.4526696627815124
1363,4863,0.16895352357135893
1364,4864,0.4817416848730879
1365,4865,0.15264274052367655
1366,4866,0.11859328136163964
1367,4867,0.08614552203631605
1368,4868,0.19187882582731927
1369,4869,0.1827691770195842
1370,4870,0.057125974161558866
1371,4871,0.2910185778978696
1372,4872,0.13438707658110668
1373,4873,0.05856405946752938
1374,4874,0.7016013542451012
1375,4875,0.23450132847878075
1376,4876,0.6214015259165585
1377,4877,0.6029563981347166
1378,4878,0.33068275889194076
1379,4879,0.5237767192146878
1380,4880,0.08692265576121261
1381,4881,0.41608733285816674
1382,4882,0.499097786282547
1383,4883,0.4518952140991191
1384,4884,0.3605149510800349
1385,4885,0.185540212313794
1386,4886,0.4308402285375189
1387,4887,0.10622621740539645
1388,4888,0.27865968651481554
1389,4889,0.09846398113860463
1390,4890,0.24336105945050684
1391,4891,0.16300784220094738
1392,4892,0.46268161252723616
1393,4893,0.5884992605479791
1394,4894,0.20633003400240055
1395,4895,0.1475512058130085
1396,4896,0.3738535848118455
1397,4897,0.5652182003449835
1398,4898,0.07775340996595174
1399,4899,0.07660174674192442
1400,4900,0.5810086685457934
1401,4901,0.25350447542052923
1402,4902,0.483626822872691
1403,4903,0.10876883181701069
1404,4904,0.39026327852460774
1405,4905,0.6786514177264926
1406,4906,0.5631248369254054
1407,4907,0.3305626264471942
1408,4908,0.32484265397434725
1409,4909,0.3075193482220398
1410,4910,0.03317147114666974
1411,4911,0.45715917069549683
1412,4912,0.5170582391189278
1413,4913,0.3788691632231835
1414,4914,0.3564389755692486
1415,4915,0.08586061673709437
1416,4916,0.20357514952640277
1417,4917,0.07095030160176155
1418,4918,0.46798454259241407
1419,4919,0.4515184572973158
1420,4920,0.41549789646292523
1421,4921,0.5940893594584037
1422,4922,0.20076755092887102
1423,4923,0.1573798558268725
1424,4924,0.048152708605861363
1425,4925,0.3144758828965135
1426,4926,0.1753276283223898
1427,4927,0.2830278835075396
1428,4928,0.05796166115384957
1429,4929,0.0807045029698345
1430,4930,0.43200986713021544
1431,4931,0.48705886796085957
1432,4932,0.09945310955339291
1433,4933,0.07909486248417044
1434,4934,0.26661786057707987
1435,4935,0.17374713050751697
1436,4936,0.05991854324439487
1437,4937,0.06661961074869942
1438,4938,0.11820218335852885
1439,4939,0.08561816972072506
1440,4940,0.25627255744683414
1441,4941,0.2875714041569118
1442,4942,0.09052812068375395
1443,4943,0.2100812161275922
1444,4944,0.20394475149244595
1445,4945,0.41565460917814456
1446,4946,0.2532073363596162
1447,4947,0.04082460808463238
1448,4948,0.40240483175240527
1449,4949,0.13233492729940974
1450,4950,0.484032507281841
1451,4951,0.43510432124274984
1452,4952,0.05204092284546989
1453,4953,0.03956901049767065
1454,4954,0.18607030953804593
1455,4955,0.3539982465149454
1456,4956,0.5403691112754827
1457,4957,0.09557227436428448
1458,4958,0.21303023334369917
1459,4959,0.45337234369410867
1460,4960,0.020475516834811112
1461,4961,0.11378865466011287
1462,4962,0.42800615245799967
1463,4963,0.3243790692459638
1464,4964,0.5870937624778343
1465,4965,0.35659861043376023
1466,4966,0.44121288183831736
1467,4967,0.49415043348720333
1468,4968,0.1222817291010564
1469,4969,0.43152289541614647
1470,4970,0.0375752173056053
1471,4971,0.26584928722580564
1472,4972,0.30956277276839894
1473,4973,0.30770977580925984
1474,4974,0.49696698167176206
1475,4975,0.24554636771558053
1476,4976,0.22652243828655538
1477,4977,0.017448729684193153
1478,4978,0.10409461968305203
1479,4979,0.28943969233489647
1480,4980,0.05981659424006497
1481,4981,0.12426217099360935
1482,4982,0.13653889755198453
1483,4983,0.5850432917664313
1484,4984,0.4532966245756183
1485,4985,0.2786469540818798
1486,4986,0.23435533892642368
1487,4987,0.5250113628475812
1488,4988,0.32568491081467316
1489,4989,0.24285321934049192
1490,4990,0.2086333969326016
1491,4991,0.23649134718930964
1492,4992,0.2322911789940691
1493,4993,0.03665338420677296
1494,4994,0.3646049040087409
1495,4995,0.33827727889052955
1496,4996,0.23692112447292696
1497,4997,0.45500963798477095
1498,4998,0.09070007975452811
1499,4999,0.24533193699323083
1500,5000,0.3896488481710197
1501,5001,0.41311662550367506
1502,5002,0.2583751007794448
1503,5003,0.18349120478786732
1504,5004,0.3492868057055671
1505,5005,0.09314047885526862
1506,5006,0.3573233465860304
1507,5007,0.34732339044018296
1508,5008,0.30519712642667135
1509,5009,0.7259621847475833
1510,5010,0.3164288344908485
1511,5011,0.5838638357152847
1512,5012,0.09436673494545424
1513,5013,0.4838646362289866
1514,5014,0.17722502197992887
1515,5015,0.05999505935388124
1516,5016,0.4402505643733339
1517,5017,0.19010053719520184
1518,5018,0.04261836780341355
1519,5019,0.08534503106565015
1520,5020,0.27937128421787855
1521,5021,0.1331524620954298
1522,5022,0.4255145190352294
1523,5023,0.3608073478337923
1524,5024,0.19204495933991406
1525,5025,0.39625521155165505
1526,5026,0.5353847932820681
1527,5027,0.3220292148089647
1528,5028,0.15208627366033223
1529,5029,0.2797015717944693
1530,5030,0.19141632564529598
1531,5031,0.23369596238048895
1532,5032,0.4939439532059953
1533,5033,0.19546231764907224
1534,5034,0.3225556059511228
1535,5035,0.07216610475671231
1536,5036,0.2534989696541917
1537,5037,0.40628992750316195
1538,5038,0.07714269633060669
1539,5039,0.10023784281707813
1540,5040,0.1434028212431012
1541,5041,0.44692868801144675
1542,5042,0.028062807054251782
1543,5043,0.11944651380815159
1544,5044,0.3818689151337631
1545,5045,0.5702387839897584
1546,5046,0.03209734479740059
1547,5047,0.08911198340605365
1548,5048,0.29897256398656524
1549,5049,0.41109870302370416
1550,5050,0.24051132825771204
1551,5051,0.17926351635129179
1552,5052,0.5681471454585011
1553,5053,0.5081696234925692
1554,5054,0.41606303538914546
1555,5055,0.43053618995860937
1556,5056,0.2689558812647797
1557,5057,0.2930123263225295
1558,5058,0.16398706523525844
1559,5059,0.3985163277668118
1560,5060,0.2384962137694345
1561,5061,0.04260939062615072
1562,5062,0.10853503018056633
1563,5063,0.4802292118584451
1564,5064,0.13670501208041475
1565,5065,0.44694468642259705
1566,5066,0.07220731838930608
1567,5067,0.06259622312716615
1568,5068,0.06256384999253901
1569,5069,0.2888807882150219
1570,5070,0.2939407902221989
1571,5071,0.3934756664739069
1572,5072,0.3742879061640137
1573,5073,0.36130754589963127
1574,5074,0.037724844930168186
1575,5075,0.24985597863491396
1576,5076,0.4568485431454097
1577,5077,0.21454560696680613
1578,5078,0.24280407296571319
1579,5079,0.4502470825460544
1580,5080,0.03552484980143012
1581,5081,0.4097862967135467
1582,5082,0.3644113896252242
1583,5083,0.05246189837453572
1584,5084,0.1435187448793005
1585,5085,0.2743943373711645
1586,5086,0.07228665202959692
1587,5087,0.0917882851603444
1588,5088,0.20271417321766233
1589,5089,0.37665361873239855
1590,5090,0.2627230620055597
1591,5091,0.4000974445047907
1592,5092,0.2064951162216723
1593,5093,0.17539571929471404
1594,5094,0.4474448573999793
1595,5095,0.6807555849722013
1596,5096,0.32043562003735176
1597,5097,0.30877438972272997
1598,5098,0.29834945149504005
1599,5099,0.04578970202412382
1600,5100,0.28184055926009444
1601,5101,0.12458650839225811
1602,5102,0.0478905858691192
1603,5103,0.050223815090883986
1604,5104,0.245922163896135
1605,5105,0.1937514701698617
1606,5106,0.4261936336338304
1607,5107,0.4491326912933202
1608,5108,0.4549320105720108
1609,5109,0.47645837264731794
1610,5110,0.3209603852488093
1611,5111,0.41829009933014544
1612,5112,0.151505872711905
1613,5113,0.3939300265500259
1614,5114,0.16793424817917327
1615,5115,0.5489349974118536
1616,5116,0.050692549931243634
1617,5117,0.16159532304411028
1618,5118,0.09787839968292232
1619,5119,0.05921652217028367
1620,5120,0.4058766440544218
1621,5121,0.5706123519905787
1622,5122,0.28004409664850877
1623,5123,0.36601485217755003
1624,5124,0.5024986947180691
1625,5125,0.0745563858657572
1626,5126,0.06989596829462841
1627,5127,0.23530534887185214
1628,5128,0.4066789526105885
1629,5129,0.039163393705570884
1630,5130,0.15648417448771235
1631,5131,0.1064478217853055
1632,5132,0.08836013872470225
1633,5133,0.3065868356726889
1634,5134,0.33242905781839516
1635,5135,0.26111376571108424
1636,5136,0.1616950646034283
1637,5137,0.5054787561808471
1638,5138,0.0931947189565355
1639,5139,0.26074214807281876
1640,5140,0.30303097985805405
1641,5141,0.31383265401033184
1642,5142,0.3640112184053085
1643,5143,0.09327509857264747
1644,5144,0.23553362358796529
1645,5145,0.03947041160386679
1646,5146,0.21000935996408943
1647,5147,0.443102442765593
1648,5148,0.4929086292024162
1649,5149,0.528257080967662
1650,5150,0.21376706047500932
1651,5151,0.4719700369827257
1652,5152,0.26243886863967736
1653,5153,0.07447742481626235
1654,5154,0.5007231591687012
1655,5155,0.11936864614750772
1656,5156,0.10720129646613598
1657,5157,0.4459262991460309
1658,5158,0.1084467319197897
1659,5159,0.30873162219748235
1660,5160,0.21893771758532396
1661,5161,0.04568776211120769
1662,5162,0.21256651995909762
1663,5163,0.29771966912829817
1664,5164,0.11840700426682417
1665,5165,0.22367086939951056
1666,5166,0.3205894998908134
1667,5167,0.17996854194159587
1668,5168,0.10030873437077259
1669,5169,0.42998147091725486
1670,5170,0.18603685764733788
1671,5171,0.24686916887159646
1672,5172,0.047024502528443896
1673,5173,0.30376185237451364
1674,5174,0.2588564808955154
1675,5175,0.5185196705292334
1676,5176,0.3692798482359033
1677,5177,0.17082860529958066
1678,5178,0.19597498675780867
1679,5179,0.4986230479658406
1680,5180,0.06845924092206392
1681,5181,0.4288692421106941
1682,5182,0.34325494674727464
1683,5183,0.07520709468650179
1684,5184,0.32034557288642773
1685,5185,0.017990602370393363
1686,5186,0.32863621160964773
1687,5187,0.17273960456758858
1688,5188,0.2596040965431086
1689,5189,0.21396643678992988
1690,5190,0.07751804220271498
1691,5191,0.15318989722010906
1692,5192,0.3570753167034981
1693,5193,0.3337082439188074
1694,5194,0.29541794526356435
1695,5195,0.11331544573825444
1696,5196,0.07893511822789061
1697,5197,0.1727045825121707
1698,5198,0.3018480508091682
1699,5199,0.18041191661806205
1700,5200,0.5511102596528452
1701,5201,0.13113465526488943
1702,5202,0.0350938847015153
1703,5203,0.12704293458956697
1704,5204,0.37536603142100544
1705,5205,0.13464777869388597
1706,5206,0.20175484095583576
1707,5207,0.08178327871058558
1708,5208,0.3861541368976949
1709,5209,0.25897302117910315
1710,5210,0.04180934865959238
1711,5211,0.4080300298377735
1712,5212,0.24971811207166367
1713,5213,0.11024164594417123
1714,5214,0.3120913712489412
1715,5215,0.572314662965284
1716,5216,0.36610109441057526
1717,5217,0.1942488954283663
1718,5218,0.06962356781419494
1719,5219,0.23959438591497706
1720,5220,0.5395097359783225
1721,5221,0.4397700988593001
1722,5222,0.48594500618946473
1723,5223,0.27001672266054827
1724,5224,0.04765912045052288
1725,5225,0.3210684128471658
1726,5226,0.44684241567985916
1727,5227,0.03588116120168081
1728,5228,0.24215594796411555
1729,5229,0.48176954303927705
1730,5230,0.23864669572654273
1731,5231,0.21352209727929794
1732,5232,0.21274235806183986
1733,5233,0.24037063793875715
1734,5234,0.17920687122777343
1735,5235,0.37238988200530826
1736,5236,0.1478087738099071
1737,5237,0.23164160409147597
1738,5238,0.3939560583768977
1739,5239,0.020018808482888114
1740,5240,0.027574547949875586
1741,5241,0.3785060053861509
1742,5242,0.3329040601683011
1743,5243,0.24347550953031052
1744,5244,0.041868944239008415
1745,5245,0.069957866021926
1746,5246,0.2993165035991311
1747,5247,0.4253431412682411
1748,5248,0.6121607289194215
1749,5249,0.11781049615361862
1750,5250,0.3269980808461025
1751,5251,0.3352003353660697
1752,5252,0.0476974758446264
1753,5253,0.10916200360798134
1754,5254,0.2367966383059752
1755,5255,0.07410873943956778
1756,5256,0.07946388498077324
1757,5257,0.44297686745356796
1758,5258,0.43252358433220217
1759,5259,0.05914106116019755
1760,5260,0.08449878054285398
1761,5261,0.3723224327705674
1762,5262,0.04136477970365703
1763,5263,0.045505611779982864
1764,5264,0.5784632562672416
1765,5265,0.602859257244204
1766,5266,0.1686068461341821
1767,5267,0.12322521371984284
1768,5268,0.3672034453629379
1769,5269,0.03713823840055571
1770,5270,0.19195476228096603
1771,5271,0.3642499690476494
1772,5272,0.5256748167348105
1773,5273,0.22767659235102192
1774,5274,0.05429786680454732
1775,5275,0.5560542463771609
1776,5276,0.07907643006590488
1777,5277,0.14905023056584984
1778,5278,0.29075778449608414
1779,5279,0.34533504155327854
1780,5280,0.2277589680735257
1781,5281,0.21273826466411064
1782,5282,0.07286730351225595
1783,5283,0.033332944437096654
1784,5284,0.11488955759128873
1785,5285,0.3423180476900977
1786,5286,0.34769194700457706
1787,5287,0.5364521919730346
1788,5288,0.16902123172359343
1789,5289,0.324296638554752
1790,5290,0.07384842662455476
1791,5291,0.18046049114654736
1792,5292,0.07807723918446935
1793,5293,0.5546106498211552
1794,5294,0.5540648204789308
1795,5295,0.1329151421385695
1796,5296,0.31479279112246134
1797,5297,0.4481080287546692
1798,5298,0.33049248988759417
1799,5299,0.24944785941582281
1800,5300,0.10816240100056707
1801,5301,0.26297706268227883
1802,5302,0.08795699112192025
1803,5303,0.36654333150283336
1804,5304,0.2895999698120793
1805,5305,0.08337241500349439
1806,5306,0.3081651669901993
1807,5307,0.18857551209908027
1808,5308,0.2488366530774597
1809,5309,0.15375890258460354
1810,5310,0.06448554965446157
1811,5311,0.43261352444268525
1812,5312,0.06433850284279566
1813,5313,0.057728646743089224
1814,5314,0.4070564326338746
1815,5315,0.2015551508874261
1816,5316,0.20676659132270178
1817,5317,0.03577482409630998
1818,5318,0.37587247210783614
1819,5319,0.2581409170885668
1820,5320,0.1626569149411328
1821,5321,0.2961228222797508
1822,5322,0.14089544790333264
1823,5323,0.4285623342951861
1824,5324,0.1630198456499802
1825,5325,0.15687073312472335
1826,5326,0.5047700751455173
1827,5327,0.38605408692988447
1828,5328,0.22096993145047206
1829,5329,0.5565710059589069
1830,5330,0.10521080910307126
1831,5331,0.02140975321542022
1832,5332,0.11570950942577664
1833,5333,0.15282071780290013
1834,5334,0.4831560335539351
1835,5335,0.16176148331412987
1836,5336,0.44046237175945535
1837,5337,0.31833234092540075
1838,5338,0.05746911907176579
1839,5339,0.12574060951770508
1840,5340,0.031736917567014473
1841,5341,0.0313822373892015
1842,5342,0.357675121848867
1843,5343,0.16453529429238403
1844,5344,0.5038545916530226
1845,5345,0.2719776392241342
1846,5346,0.16543394685279733
1847,5347,0.33470266658976494
1848,5348,0.033672907627677995
1849,5349,0.25201569376728367
1850,5350,0.08682499534479993
1851,5351,0.12773600553898518
1852,5352,0.35787770805458724
1853,5353,0.3239919000084985
1854,5354,0.4132347722705116
1855,5355,0.5689592405878896
1856,5356,0.3878649799673688
1857,5357,0.4763154551491356
1858,5358,0.10525041819322026
1859,5359,0.2712255205752509
1860,5360,0.4810580823413914
1861,5361,0.3226326667505771
1862,5362,0.13439283864181653
1863,5363,0.34807514007812
1864,5364,0.2042431248391946
1865,5365,0.3360199249111197
1866,5366,0.46063432375835184
1867,5367,0.5688698343929327
1868,5368,0.37568694586858725
1869,5369,0.06859127443721619
1870,5370,0.12852531847577459
1871,5371,0.11816511881377909
1872,5372,0.2271531053694853
1873,5373,0.2365078198753397
1874,5374,0.09222355197020735
1875,5375,0.16825418344187956
1876,5376,0.5432900054468891
1877,5377,0.3970955708977802
1878,5378,0.10976108609168343
1879,5379,0.03231777055306994
1880,5380,0.5572889893597842
1881,5381,0.29915764411263185
1882,5382,0.1010794358934988
1883,5383,0.14482584083864802
1884,5384,0.4413267312240424
1885,5385,0.02532112235793337
1886,5386,0.12202576028969164
1887,5387,0.526220015753144
1888,5388,0.06278788909448851
1889,5389,0.42821729165100647
1890,5390,0.6357561731098191
1891,5391,0.1301300467405555
1892,5392,0.28661428373182835
1893,5393,0.03745950205471368
1894,5394,0.17411293676738535
1895,5395,0.11359995771908304
1896,5396,0.34082646337923056
1897,5397,0.04047469835329882
1898,5398,0.046665592996981184
1899,5399,0.030576819101537023
1900,5400,0.0688847282525761
1901,5401,0.41820645683648267
1902,5402,0.24882155268712053
1903,5403,0.05285672363731967
1904,5404,0.23545964716773415
1905,5405,0.04587145178565104
1906,5406,0.11400990461657866
1907,5407,0.2502275240736166
1908,5408,0.05290120010630643
1909,5409,0.4405724311546313
1910,5410,0.34252527562732826
1911,5411,0.2073279179651444
1912,5412,0.3504990820299325
1913,5413,0.023165595112450678
1914,5414,0.05510860738345114
1915,5415,0.1767268323647602
1916,5416,0.3881206734675467
1917,5417,0.2376315254399314
1918,5418,0.16581063955572778
1919,5419,0.06955738816310324
1920,5420,0.5835326913264391
1921,5421,0.03026433840035779
1922,5422,0.1508247722496995
1923,5423,0.04808181204334502
1924,5424,0.5755565502323188
1925,5425,0.060923786369074036
1926,5426,0.3185026360267085
1927,5427,0.3171254583668188
1928,5428,0.10004853886480253
1929,5429,0.5532066770224479
1930,5430,0.04966503574620067
1931,5431,0.4200707954945417
1932,5432,0.041212838759665506
1933,5433,0.3032730509184055
1934,5434,0.08069488721961114
1935,5435,0.021665732423602486
1936,5436,0.0650565152577981
1937,5437,0.6016184189780828
1938,5438,0.40766022275966873
1939,5439,0.37154403586744816
1940,5440,0.481213658910465
1941,5441,0.05896102865822309
1942,5442,0.39118180893211646
1943,5443,0.15534526093295095
1944,5444,0.24362328533389935
1945,5445,0.05392005196897775
1946,5446,0.06425616837974932
1947,5447,0.3240875277813706
1948,5448,0.41625294570105803
1949,5449,0.4179190301362628
1950,5450,0.42191463191203776
1951,5451,0.23549155729216487
1952,5452,0.07320499773686709
1953,5453,0.23814750656795963
1954,5454,0.4514078029838964
1955,5455,0.04720315477612053
1956,5456,0.2722502673552374
1957,5457,0.1091129183010433
1958,5458,0.2351144724730466
1959,5459,0.42796931324063264
1960,5460,0.4276314472406113
1961,5461,0.19902160852619605
1962,5462,0.6261828605041347
1963,5463,0.5282326996123979
1964,5464,0.023206528811448152
1965,5465,0.06345973139407841
1966,5466,0.4506429871889716
1967,5467,0.03921355777360609
1968,5468,0.3589012661381823
1969,5469,0.3167477945949742
1970,5470,0.13532817421055304
1971,5471,0.49338375524908923
1972,5472,0.12385675670986657
1973,5473,0.26374005325254696
1974,5474,0.0785707342957092
1975,5475,0.02708529579533629
1976,5476,0.3048889207356239
1977,5477,0.0802551103548495
1978,5478,0.4799635066411975
1979,5479,0.01521601559542237
1980,5480,0.12889672534772567
1981,5481,0.13803314930116814
1982,5482,0.2533169710869975
1983,5483,0.16267653136597626
1984,5484,0.08070834766718372
1985,5485,0.21253297705558125
1986,5486,0.028910787737826266
1987,5487,0.09971886524899444
1988,5488,0.49032561318802526
1989,5489,0.19298107238906487
1990,5490,0.1811025887058209
1991,5491,0.23281776959056985
1992,5492,0.12622140681113692
1993,5493,0.037989309942499494
1994,5494,0.19155646899109527
1995,5495,0.5122692813472863
1996,5496,0.4478880237026026
1997,5497,0.3205359661223342
1998,5498,0.1747985295683002
1999,5499,0.1733503697244897
2000,5500,0.11573728625022513
2001,5501,0.40454953482469996
2002,5502,0.415169082725413
2003,5503,0.03262572858117296
2004,5504,0.08850982499466954
2005,5505,0.4381799585842424
2006,5506,0.20280459177714427
2007,5507,0.29076939289536635
2008,5508,0.24703364605003425
2009,5509,0.15659301410472218
2010,5510,0.2703405035746635
2011,5511,0.42257722327284436
2012,5512,0.21786068773111336
2013,5513,0.38714771381253826
2014,5514,0.14326498762167839
2015,5515,0.417434545124192
2016,5516,0.07504020231217512
2017,5517,0.3773841271187326
2018,5518,0.5490609088897782
2019,5519,0.22725452527903392
2020,5520,0.5087248202696638
2021,5521,0.057674515764949016
2022,5522,0.22823141001337027
2023,5523,0.46931963213413164
2024,5524,0.03850513381389051
2025,5525,0.4753864302055975
2026,5526,0.5410330190415892
2027,5527,0.03748954925167083
2028,5528,0.36131577398001424
2029,5529,0.2624226952368353
2030,5530,0.16462811088831397
2031,5531,0.12974288385226743
2032,5532,0.22851431796456526
2033,5533,0.25171667898363714
2034,5534,0.04707966017851924
2035,5535,0.030539745006910604
2036,5536,0.5076532974178252
2037,5537,0.11043470549050993
2038,5538,0.3011443864716719
2039,5539,0.2676370447763989
2040,5540,0.39886141492667404
2041,5541,0.3348620972860171
2042,5542,0.5885353559837265
2043,5543,0.08374942438128279
2044,5544,0.32783880549859523
2045,5545,0.21558565924015943
2046,5546,0.07692357939144787
2047,5547,0.09552732171461747
2048,5548,0.055837622836632114
2049,5549,0.06390030624481019
2050,5550,0.06455888951028381
2051,5551,0.28502675686891615
2052,5552,0.3289985931896209
2053,5553,0.2998673855207199
2054,5554,0.39989937522462143
2055,5555,0.06346658604907934
2056,5556,0.11397684859709056
2057,5557,0.49825739685746195
2058,5558,0.3652060193973148
2059,5559,0.2660911813405323
2060,5560,0.09014053263346082
2061,5561,0.45833652426031096
2062,5562,0.39224331157226544
2063,5563,0.18987040956768553
2064,5564,0.3296971070355806
2065,5565,0.17738943528517767
2066,5566,0.29587623545524366
2067,5567,0.17773012000613808
2068,5568,0.04346818925974504
2069,5569,0.30391233386547334
2070,5570,0.5609485829576482
2071,5571,0.4866580049092251
2072,5572,0.09251093903565571
2073,5573,0.48568523378409534
2074,5574,0.21586016740213906
2075,5575,0.3353334202070392
2076,5576,0.10007259360018177
2077,5577,0.6359835715880839
2078,5578,0.21715694905018562
2079,5579,0.529979919977132
2080,5580,0.3760834868718704
2081,5581,0.03560699724331843
2082,5582,0.4444213307088662
2083,5583,0.11302647679134198
2084,5584,0.2881420416093168
2085,5585,0.38464721905083693
2086,5586,0.12687495131008558
2087,5587,0.4172700375848889
2088,5588,0.114611326824998
2089,5589,0.4389605591240711
2090,5590,0.32862155995788206
2091,5591,0.39310371558580093
2092,5592,0.315568290104889
2093,5593,0.21623262228817855
2094,5594,0.11879529170886706
2095,5595,0.5929627632961321
2096,5596,0.1904540008474734
2097,5597,0.35092152456357534
2098,5598,0.15929158619490788
2099,5599,0.19272569255627447
2100,5600,0.21860283003475242
2101,5601,0.4251947013952017
2102,5602,0.06711602221191866
2103,5603,0.47736071199289687
2104,5604,0.4530848572840209
2105,5605,0.3615524426306618
2106,5606,0.5186534243937508
2107,5607,0.09194307290141357
2108,5608,0.1982850402198507
2109,5609,0.4724732865634709
2110,5610,0.38505702682656623
2111,5611,0.09858492788632056
2112,5612,0.12061349474879228
2113,5613,0.07962646513475014
2114,5614,0.38967245913432863
2115,5615,0.08062941519680442
2116,5616,0.5187870964756965
2117,5617,0.11104058642457972
2118,5618,0.12511663764346734
2119,5619,0.24306876144517267
2120,5620,0.1815838961387719
2121,5621,0.23827810687660814
2122,5622,0.21507872298059874
2123,5623,0.07087750506343292
2124,5624,0.0844026990597338
2125,5625,0.35578383018787624
2126,5626,0.1696079871351232
2127,5627,0.09568682514421369
2128,5628,0.2902373198744914
2129,5629,0.10330743203772262
2130,5630,0.1262452799935742
2131,5631,0.17101580114818968
2132,5632,0.30010404403079943
2133,5633,0.07064594521623033
2134,5634,0.125719533328816
2135,5635,0.0885527024829709
2136,5636,0.3751668874591562
2137,5637,0.0930365316152722
2138,5638,0.5586103767545797
2139,5639,0.06645917218351967
2140,5640,0.1669594518512599
2141,5641,0.333677271274574
2142,5642,0.12849763805365938
2143,5643,0.05886089796857497
2144,5644,0.5066764849656321
2145,5645,0.1468051558406826
2146,5646,0.2293300419035366
2147,5647,0.2781959840475685
2148,5648,0.1459456232968105
2149,5649,0.23970342598058156
2150,5650,0.03787715461733912
2151,5651,0.16399299012252253
2152,5652,0.22466210153838007
2153,5653,0.24434747129846004
2154,5654,0.3280232259092715
2155,5655,0.5179436507385361
2156,5656,0.2674962769386282
2157,5657,0.15304190937477138
2158,5658,0.06673475390827656
2159,5659,0.46233222038111454
2160,5660,0.05383123515555592
2161,5661,0.043194610692007196
2162,5662,0.2968365944448014
2163,5663,0.353830201535849
2164,5664,0.3276308038370304
2165,5665,0.11591000549788463
2166,5666,0.31371276653381414
2167,5667,0.6014915869643822
2168,5668,0.2344624156866387
2169,5669,0.068596934363227
2170,5670,0.04539054728549601
2171,5671,0.22217907079006696
2172,5672,0.2309779102318235
2173,5673,0.05161688189075872
2174,5674,0.1011754231215864
2175,5675,0.13391449197621597
2176,5676,0.1353882872239486
2177,5677,0.23116135941144822
2178,5678,0.38881169018231965
2179,5679,0.35780452806619023
2180,5680,0.16384927085293383
2181,5681,0.029616751665261287
2182,5682,0.053019793041040215
2183,5683,0.10855674501280282
2184,5684,0.34543384185893716
2185,5685,0.24477119804989508
2186,5686,0.26518103817756766
2187,5687,0.4435563867001776
2188,5688,0.2915879288402361
2189,5689,0.48691479348884403
2190,5690,0.46019827179993067
2191,5691,0.17572766202834153
2192,5692,0.4777688316369437
2193,5693,0.4355516760860167
2194,5694,0.0828416208575505
2195,5695,0.5890614411025746
2196,5696,0.37879580583902434
2197,5697,0.24776286152572127
2198,5698,0.314271102348742
2199,5699,0.10366992422218745
2200,5700,0.28410151973659875
2201,5701,0.17672101128913253
2202,5702,0.3110562360909713
2203,5703,0.472773298276931
2204,5704,0.01856934824407894
2205,5705,0.1505780578082337
2206,5706,0.3360086490804097
2207,5707,0.14128280971589613
2208,5708,0.3998253770766784
2209,5709,0.6422039123642442
2210,5710,0.2738202540334264
2211,5711,0.2318935686483598
2212,5712,0.09357869561366303
2213,5713,0.1755260809623919
2214,5714,0.2148174026348705
2215,5715,0.46191714217384183
2216,5716,0.17060743657320027
2217,5717,0.08924278955127218
2218,5718,0.06761534763422629
2219,5719,0.43463372574600234
2220,5720,0.030170088544268378
2221,5721,0.2970323982571559
2222,5722,0.052650845060074274
2223,5723,0.09221033695359768
2224,5724,0.03689196765421695
2225,5725,0.07117398875645017
2226,5726,0.02196372083725351
2227,5727,0.016952592676849548
2228,5728,0.18165415863032663
2229,5729,0.041349361629676694
2230,5730,0.0456531134063585
2231,5731,0.09324685095445309
2232,5732,0.4685478653758091
2233,5733,0.4970208276060596
2234,5734,0.4497276936553336
2235,5735,0.08807488020125728
2236,5736,0.4004946366064724
2237,5737,0.4478330344694212
2238,5738,0.0783953129937675
2239,5739,0.2007441340379334
2240,5740,0.22891070981359002
2241,5741,0.22071391927275458
2242,5742,0.23717789949503792
2243,5743,0.24419167288714635
2244,5744,0.06155254380204057
2245,5745,0.24471601292813552
2246,5746,0.056629031545016334
2247,5747,0.048066968494565404
2248,5748,0.09893633740132776
2249,5749,0.06846422406739383
2250,5750,0.06594626021774865
2251,5751,0.32652388071331945
2252,5752,0.11461020054215966
2253,5753,0.3149400316708589
2254,5754,0.4939066954221981
2255,5755,0.12784772237236014
2256,5756,0.07495933222820435
2257,5757,0.41245937848308667
2258,5758,0.27235412729055347
2259,5759,0.45157062120281805
2260,5760,0.15373701630728095
2261,5761,0.182087661186147
2262,5762,0.46681547780893706
2263,5763,0.06987507373119353
2264,5764,0.08045939604213137
2265,5765,0.10774469919758721
2266,5766,0.025672534611291015
2267,5767,0.08911408644486506
2268,5768,0.17710149663065713
2269,5769,0.3690651146977039
2270,5770,0.4784530877644336
2271,5771,0.37063204386173754
2272,5772,0.16721506852190796
2273,5773,0.16956025649725823
2274,5774,0.23114074482763605
2275,5775,0.513520975449043
2276,5776,0.3698654360240204
2277,5777,0.4840300681288157
2278,5778,0.2584630917048556
2279,5779,0.4238675395708466
2280,5780,0.4047088508202934
2281,5781,0.23880900337625932
2282,5782,0.43314246443955
2283,5783,0.5612099819278338
2284,5784,0.036959657020532485
2285,5785,0.1674733963062705
2286,5786,0.21607247406883223
2287,5787,0.25631849457364475
2288,5788,0.2865363101048143
2289,5789,0.03612925675881943
2290,5790,0.10987433498596415
2291,5791,0.04532267440496946
2292,5792,0.06402102525734757
2293,5793,0.1880883117473111
2294,5794,0.37758640537541793
2295,5795,0.23450102556796798
2296,5796,0.21758676430915602
2297,5797,0.3366996183148006
2298,5798,0.17334927997014749
2299,5799,0.47213702810756575
2300,5800,0.084662853487589
2301,5801,0.028247870905464895
2302,5802,0.23128206728499487
2303,5803,0.08998107026682906
2304,5804,0.2685319198123967
2305,5805,0.40063549939812354
2306,5806,0.10225783395581879
2307,5807,0.4216554015816882
2308,5808,0.329826363441873
2309,5809,0.21375291579889055
2310,5810,0.055109463168280824
2311,5811,0.09027085932238052
2312,5812,0.6097065226141369
2313,5813,0.13637895384499774
2314,5814,0.3044642210409331
2315,5815,0.2825193474741159
2316,5816,0.12209798957802284
2317,5817,0.22862741534663097
2318,5818,0.4325152403008345
2319,5819,0.2636113304927061
2320,5820,0.4756755449174878
2321,5821,0.2150426230994359
2322,5822,0.44694936469643853
2323,5823,0.02192452651524595
2324,5824,0.11022787864563784
2325,5825,0.095295359932321
2326,5826,0.34194553448347625
2327,5827,0.4350249909418531
2328,5828,0.08243508888079973
2329,5829,0.03496727934322435
2330,5830,0.4255016316830378
2331,5831,0.633920314748804
2332,5832,0.1582503215699059
2333,5833,0.23774239098958178
2334,5834,0.3567670667480237
2335,5835,0.16285204449724505
2336,5836,0.5554143085903185
2337,5837,0.12386808030429176
2338,5838,0.4839609338735433
2339,5839,0.17951349084121349
2340,5840,0.3589929210815178
2341,5841,0.5796564848378349
2342,5842,0.2798484597830165
2343,5843,0.2087218983383937
2344,5844,0.07595039788312741
2345,5845,0.19918301970115862
2346,5846,0.1517172662236964
2347,5847,0.13666984183108333
2348,5848,0.2727485633516376
2349,5849,0.04096914655517184
2350,5850,0.2816825527349911
2351,5851,0.24230519375828974
2352,5852,0.10303988912512752
2353,5853,0.2536087669825177
2354,5854,0.3439598979605618
2355,5855,0.3227563100997994
2356,5856,0.12552811932969848
2357,5857,0.027635789031456064
2358,5858,0.036878225268510284
2359,5859,0.3911456363643948
2360,5860,0.3311712677814175
2361,5861,0.22260038249977263
2362,5862,0.027557301620492865
2363,5863,0.07794550491807771
2364,5864,0.42117311169062266
2365,5865,0.08133071266551675
2366,5866,0.6065809499824361
2367,5867,0.07697080158314783
2368,5868,0.23920504841543214
2369,5869,0.4749967167545484
2370,5870,0.22675165468114095
2371,5871,0.4564591984738965
2372,5872,0.250934983703832
2373,5873,0.12163192434050457
2374,5874,0.202641512269786
2375,5875,0.10514093156446906
2376,5876,0.3906180019603675
2377,5877,0.49895338133650285
2378,5878,0.28918417804874996
2379,5879,0.21702062246752166
2380,5880,0.4532209013561872
2381,5881,0.45510975752908034
2382,5882,0.38797251888672585
2383,5883,0.14635186805651482
2384,5884,0.10069104477655928
2385,5885,0.12445797399362772
2386,5886,0.265275475527312
2387,5887,0.6091461539256195
2388,5888,0.07040482716700727
2389,5889,0.5699376044465029
2390,5890,0.23997182708507667
2391,5891,0.4229337980532031
2392,5892,0.2567034991673651
2393,5893,0.44661600224024245
2394,5894,0.4196500692774515
2395,5895,0.27821802066959855
2396,5896,0.2823850627022082
2397,5897,0.13121318563580833
2398,5898,0.025002802530800058
2399,5899,0.03943036029417119
2400,5900,0.09189210842861406
2401,5901,0.18683683950301547
2402,5902,0.055147682055843715
2403,5903,0.2754806543268249
2404,5904,0.04237545079994481
2405,5905,0.32444907826884145
2406,5906,0.2586378421524729
2407,5907,0.4358185404406426
2408,5908,0.2619568200405795
2409,5909,0.04537776730044262
2410,5910,0.20895965682383252
2411,5911,0.12089267105049341
2412,5912,0.3909414850910758
2413,5913,0.22357280701129154
2414,5914,0.036575201201946954
2415,5915,0.3633249030592957
2416,5916,0.1770028402539764
2417,5917,0.41955599484508793
2418,5918,0.5419397599782008
2419,5919,0.39943914378887824
2420,5920,0.06630352744948431
2421,5921,0.08695622924219282
2422,5922,0.31287002212560705
2423,5923,0.3535628739211831
2424,5924,0.37182050723027193
2425,5925,0.046516058180527696
2426,5926,0.3554306808344029
2427,5927,0.42872524401917605
2428,5928,0.12417262974255315
2429,5929,0.056525995399296466
2430,5930,0.32130405682260094
2431,5931,0.06131911724790229
2432,5932,0.42051098895905575
2433,5933,0.051888621336918676
2434,5934,0.3809185683608967
2435,5935,0.5564180136619595
2436,5936,0.32127766333184227
2437,5937,0.5343235355197733
2438,5938,0.26713104793205067
2439,5939,0.3156232298846997
2440,5940,0.16942259249423453
2441,5941,0.11219456132596096
2442,5942,0.1507847231761487
2443,5943,0.3542288794457208
2444,5944,0.053207163046423374
2445,5945,0.014368907155928643
2446,5946,0.08001073575922513
2447,5947,0.06395277845394108
2448,5948,0.37399634614608135
2449,5949,0.06370206535164255
2450,5950,0.451865559114245
2451,5951,0.30889263143296286
2452,5952,0.2378925938648841
2453,5953,0.058233589268854746
2454,5954,0.11133939142220628
2455,5955,0.3536475125710765
2456,5956,0.35879884755576424
2457,5957,0.3203835435241828
2458,5958,0.21909782437118955
2459,5959,0.11319812591545858
2460,5960,0.463801059011719
2461,5961,0.3096240863397205
2462,5962,0.4369267580407023
2463,5963,0.3530921874469931
2464,5964,0.29876579674610027
2465,5965,0.1394861258628101
2466,5966,0.5651781274389209
2467,5967,0.5238503495531072
2468,5968,0.4074577373239319
2469,5969,0.4172161079026691
2470,5970,0.0938044531025457
2471,5971,0.34996985817322224
2472,5972,0.04788129878613483
2473,5973,0.15236516152358257
2474,5974,0.43979228279353977
2475,5975,0.5485306124596088
2476,5976,0.1775277154790248
2477,5977,0.3529747327742796
2478,5978,0.2573433990959835
2479,5979,0.5593878166009586
2480,5980,0.2937143517200573
2481,5981,0.46258282929982947
